REMARK  Predicted order parameter (S2) from backbone chemical shifts for shifts.txt
REMARK    from David Wishart's RCI method, JACS, 127(43), 14970-14971

VARS RESID RESNAME CS_CNT CS_CNT_R2 S2 
FORMAT %4d %1s %2d %2d %8.3f 

    2 G  8  3    0.258
    3 G 14  5    0.332
    4 R 17  6    0.440
    5 D 18  6    0.558
    6 Y 18  6    0.594
    7 K 17  6    0.663
    8 D 15  5    0.742
    9 D 14  4    0.794
   10 D 15  5    0.766
   11 D 17  6    0.673
   12 K 17  6    0.654
   13 G 17  5    0.698
   14 T 17  6    0.822
   15 M 18  6    0.890
   16 E 18  6    0.899
   17 L 18  6    0.902
   18 E 18  6    0.899
   19 L 18  6    0.901
   20 R 18  6    0.884
   21 F 16  6    0.845
   22 F 12  4    0.829
   23 A 12  2    0.827
   24 T 14  6    0.862
   25 F 18  6    0.879
   26 R 18  6    0.895
   27 E 18  6    0.898
   28 V 18  6    0.887
   29 V 17  6    0.877
   30 G 17  5    0.860
   31 Q 17  6    0.875
   32 K 18  6    0.887
   33 S 18  6    0.907
   34 I 18  6    0.907
   35 Y 18  6    0.904
   36 W 18  6    0.904
   37 R 18  6    0.901
   38 V 18  6    0.895
   39 D 18  6    0.864
   40 D 18  6    0.811
   41 D 18  6    0.789
   42 A 18  6    0.802
   43 T 18  6    0.854
   44 V 17  6    0.891
   45 G 17  5    0.908
   46 D 17  6    0.915
   47 V 18  6    0.916
   48 L 18  6    0.916
   49 R 18  6    0.905
   50 S 18  6    0.895
   51 L 18  6    0.884
   52 E 18  6    0.877
   53 A 18  6    0.843
   54 E 18  6    0.839
   55 Y 18  6    0.835
   56 D 17  6    0.858
   57 G 17  5    0.818
   58 L 17  6    0.800
   59 A 17  6    0.777
   60 G 17  5    0.789
   61 R 17  6    0.799
   62 L 18  6    0.813
   63 I 18  6    0.836
   64 E 18  6    0.842
   65 D 17  6    0.860
   66 G 17  5    0.857
   67 E 17  6    0.865
   68 V 16  6    0.858
   69 K 14  4    0.867
   70 P 14  4    0.840
   71 H 16  6    0.831
   72 V 18  6    0.826
   73 N 18  6    0.863
   74 V 18  6    0.889
   75 L 18  6    0.895
   76 K 18  6    0.868
   77 N 17  6    0.842
   78 G 17  5    0.832
   79 R 17  6    0.847
   80 E 18  6    0.856
   81 V 18  6    0.835
   82 V 18  6    0.806
   83 H 18  6    0.797
   84 L 18  6    0.812
   85 D 17  6    0.829
   86 G 17  5    0.837
   87 M 17  6    0.854
   88 A 18  6    0.870
   89 T 18  6    0.890
   90 A 18  6    0.883
   91 L 18  6    0.884
   92 D 18  6    0.869
   93 D 17  6    0.873
   94 G 17  5    0.873
   95 D 17  6    0.894
   96 A 18  6    0.911
   97 V 18  6    0.921
   98 S 18  6    0.900
   99 V 16  6    0.863
  100 F 10  4    0.841
  101 P  8  0    0.760
  102 P 10  4    0.609
  103 V 16  6    0.563
  104 A 17  6    0.463
  105 G 14  5    0.407
  106 G  8  3    0.374
