REMARK  Neural network secondary structure prediction for shifts.txt
REMARK     H-Helix    E-Strand   L-Coil 

DATA FIRST_RESID 1

DATA SEQUENCE     GGRDYKDDDD KGTMELELRF FATFREVVGQ KSIYWRVDDD ATVGDVLRSL 
DATA PREDICTED_SS LLLLLLLLLL LLEEEEEEEE ELHHHHHHLL LLEEEEELLL LLHHHHHHHH 
DATA CONFIDENCE   0999899999 9738999996 4678999559 8289995789 9859999999 

DATA SEQUENCE     EAEYDGLAGR LIEDGEVKPH VNVLKNGREV VHLDGMATAL DDGDAVSVFP 
DATA PREDICTED_SS HHHLLLLLLL LEELLELLLL LEEEELLEHH HLLLLLLLLE LLLLEEEEEL 
DATA CONFIDENCE   9836746887 2656626864 6799766249 7288888844 2897599828 


DATA SEQUENCE     PVAGG
DATA PREDICTED_SS LLLLL
DATA CONFIDENCE   98880

VARS RESID RESNAME CS_CNT CS_CNT_R2 Q_H Q_E Q_L CONFIDENCE SS_CLASS
FORMAT %4d %1s %2d %2d %8.3f %8.3f %8.3f %4.2f %s

    2 G  8  3    0.333    0.333    0.333 0.00 L
    3 G 14  5    0.029    0.025    0.946 0.92 L
    4 R 17  6    0.000    0.024    0.975 0.95 L
    5 D 18  6    0.003    0.037    0.960 0.92 L
    6 Y 18  6    0.014    0.048    0.939 0.89 L
    7 K 17  6    0.010    0.022    0.968 0.95 L
    8 D 15  5    0.007    0.021    0.971 0.95 L
    9 D 14  4    0.011    0.019    0.969 0.95 L
   10 D 15  5    0.012    0.016    0.971 0.95 L
   11 D 17  6    0.013    0.019    0.968 0.95 L
   12 K 17  6    0.006    0.028    0.966 0.94 L
   13 G 17  5    0.000    0.142    0.858 0.72 L
   14 T 17  6    0.000    0.697    0.303 0.39 E
   15 M 18  6    0.000    0.946    0.054 0.89 E
   16 E 18  6    0.003    0.989    0.008 0.98 E
   17 L 18  6    0.006    0.986    0.008 0.98 E
   18 E 18  6    0.003    0.984    0.013 0.97 E
   19 L 18  6    0.002    0.965    0.033 0.93 E
   20 R 18  6    0.000    0.969    0.031 0.94 E
   21 F 16  6    0.006    0.834    0.160 0.67 E
   22 F 12  4    0.000    0.721    0.279 0.44 E
   23 A 12  2    0.144    0.055    0.801 0.66 L
   24 T 14  6    0.862    0.000    0.138 0.72 H
   25 F 18  6    0.916    0.000    0.083 0.83 H
   26 R 18  6    0.956    0.000    0.044 0.91 H
   27 E 18  6    0.983    0.000    0.017 0.97 H
   28 V 18  6    0.968    0.000    0.032 0.94 H
   29 V 17  6    0.768    0.000    0.232 0.54 H
   30 G 17  5    0.200    0.002    0.798 0.60 L
   31 Q 17  6    0.019    0.038    0.943 0.91 L
   32 K 18  6    0.013    0.057    0.930 0.87 L
   33 S 18  6    0.000    0.364    0.636 0.27 L
   34 I 18  6    0.000    0.903    0.097 0.81 E
   35 Y 18  6    0.010    0.987    0.003 0.98 E
   36 W 18  6    0.008    0.990    0.001 0.98 E
   37 R 18  6    0.003    0.981    0.016 0.96 E
   38 V 18  6    0.004    0.774    0.222 0.55 E
   39 D 18  6    0.000    0.110    0.890 0.78 L
   40 D 18  6    0.034    0.034    0.931 0.90 L
   41 D 18  6    0.028    0.014    0.957 0.93 L
   42 A 18  6    0.001    0.014    0.985 0.97 L
   43 T 18  6    0.028    0.069    0.902 0.83 L
   44 V 17  6    0.761    0.026    0.213 0.55 H
   45 G 17  5    0.974    0.000    0.026 0.95 H
   46 D 17  6    0.994    0.000    0.006 0.99 H
   47 V 18  6    0.998    0.001    0.002 1.00 H
   48 L 18  6    0.997    0.001    0.002 0.99 H
   49 R 18  6    0.995    0.001    0.004 0.99 H
   50 S 18  6    0.994    0.002    0.004 0.99 H
   51 L 18  6    0.996    0.000    0.004 0.99 H
   52 E 18  6    0.978    0.000    0.022 0.96 H
   53 A 18  6    0.915    0.000    0.085 0.83 H
   54 E 18  6    0.699    0.000    0.301 0.40 H
   55 Y 18  6    0.188    0.009    0.803 0.61 L
   56 D 17  6    0.113    0.044    0.843 0.73 L
   57 G 17  5    0.238    0.052    0.710 0.47 L
   58 L 17  6    0.156    0.028    0.816 0.66 L
   59 A 17  6    0.057    0.024    0.920 0.86 L
   60 G 17  5    0.042    0.058    0.899 0.84 L
   61 R 17  6    0.019    0.113    0.868 0.75 L
   62 L 18  6    0.005    0.378    0.616 0.24 L
   63 I 18  6    0.000    0.831    0.169 0.66 E
   64 E 18  6    0.000    0.772    0.228 0.54 E
   65 D 17  6    0.000    0.159    0.841 0.68 L
   66 G 17  5    0.005    0.160    0.836 0.68 L
   67 E 17  6    0.000    0.630    0.370 0.26 E
   68 V 16  6    0.019    0.161    0.820 0.66 L
   69 K 14  4    0.040    0.039    0.920 0.88 L
   70 P 14  4    0.157    0.055    0.788 0.63 L
   71 H 16  6    0.236    0.040    0.723 0.49 L
   72 V 18  6    0.071    0.150    0.779 0.63 L
   73 N 18  6    0.000    0.856    0.144 0.71 E
   74 V 18  6    0.006    0.992    0.002 0.99 E
   75 L 18  6    0.006    0.987    0.007 0.98 E
   76 K 18  6    0.001    0.860    0.140 0.72 E
   77 N 17  6    0.000    0.190    0.810 0.62 L
   78 G 17  5    0.001    0.153    0.847 0.69 L
   79 R 17  6    0.049    0.579    0.372 0.21 E
   80 E 18  6    0.638    0.150    0.211 0.43 H
   81 V 18  6    0.952    0.000    0.048 0.90 H
   82 V 18  6    0.879    0.000    0.121 0.76 H
   83 H 18  6    0.351    0.045    0.604 0.25 L
   84 L 18  6    0.034    0.078    0.888 0.81 L
   85 D 17  6    0.005    0.070    0.925 0.86 L
   86 G 17  5    0.022    0.046    0.932 0.89 L
   87 M 17  6    0.054    0.041    0.905 0.85 L
   88 A 18  6    0.038    0.033    0.929 0.89 L
   89 T 18  6    0.041    0.039    0.920 0.88 L
   90 A 18  6    0.039    0.233    0.728 0.49 L
   91 L 18  6    0.000    0.727    0.273 0.45 E
   92 D 18  6    0.000    0.359    0.641 0.28 L
   93 D 17  6    0.006    0.093    0.901 0.81 L
   94 G 17  5    0.003    0.042    0.954 0.91 L
   95 D 17  6    0.010    0.127    0.863 0.74 L
   96 A 18  6    0.000    0.782    0.218 0.56 E
   97 V 18  6    0.000    0.984    0.016 0.97 E
   98 S 18  6    0.006    0.988    0.007 0.98 E
   99 V 16  6    0.000    0.934    0.066 0.87 E
  100 F 10  4    0.000    0.617    0.383 0.23 E
  101 P  8  0    0.007    0.068    0.925 0.86 L
  102 P 10  4    0.000    0.020    0.980 0.96 L
  103 V 16  6    0.028    0.065    0.907 0.84 L
  104 A 17  6    0.011    0.060    0.929 0.87 L
  105 G 14  5    0.006    0.062    0.932 0.87 L
  106 G  8  3    0.333    0.333    0.333 0.00 L
