   1   3.983 0.000 QA     2
   2  45.273 0.000 CA     2
   3 174.584 0.000 C      2
   4   3.924 0.000 QA     3
   5   8.447 0.000 H      3
   6  45.247 0.000 CA     3
   7 174.163 0.000 C      3
   8 109.048 0.000 N      3
   9 175.939 0.000 C      4
  10   8.235 0.000 H      4
  11  56.052 0.000 CA     4
  12  26.912 0.000 CG     4
  13 120.550 0.000 N      4
  14  43.210 0.000 CD     4
  15   3.090 0.000 QD     4
  16   1.533 0.000 QG     4
  17  30.861 0.000 CB     4
  18   4.302 0.000 HA     4
  19   1.736 0.000 HB3    4
  20   1.669 0.000 HB2    4
  21 175.769 0.000 C      5
  22  41.121 0.000 CB     5
  23  54.249 0.000 CA     5
  24 121.428 0.000 N      5
  25   2.567 0.000 QB     5
  26   8.415 0.000 H      5
  27   4.551 0.000 HA     5
  28 175.540 0.000 C      6
  29  38.746 0.000 CB     6
  30  57.970 0.000 CA     6
  31 120.486 0.000 N      6
  32   2.970 0.000 QB     6
  33   8.038 0.000 H      6
  34   4.503 0.000 HA     6
  35 176.027 0.000 C      7
  36   8.190 0.000 H      7
  37  56.072 0.000 CA     7
  38  24.544 0.000 CG     7
  39  42.017 0.000 CE     7
  40 123.139 0.000 N      7
  41  28.951 0.000 CD     7
  42   2.971 0.000 QE     7
  43   1.658 0.000 QD     7
  44   1.317 0.000 QG     7
  45  33.338 0.000 CB     7
  46   4.261 0.000 HA     7
  47   1.793 0.000 HB3    7
  48   1.669 0.000 HB2    7
  49  41.309 0.000 CB     8
  50  54.599 0.000 CA     8
  51 121.418 0.000 N      8
  52   2.646 0.000 QB     8
  53   8.263 0.000 H      8
  54   4.550 0.000 HA     8
  55   8.225 0.000 H      9
  56  54.560 0.000 CA     9
  57  41.163 0.000 CB     9
  58 120.144 0.000 N      9
  59   8.220 0.000 H     10
  60  54.599 0.000 CA    10
  61 176.090 0.000 C     10
  62  41.233 0.000 CB    10
  63 120.112 0.000 N     10
  64 176.254 0.000 C     11
  65  41.189 0.000 CB    11
  66  54.431 0.000 CA    11
  67 119.872 0.000 N     11
  68   8.256 0.000 H     11
  69   4.569 0.000 HA    11
  70   2.704 0.000 HB3   11
  71   2.619 0.000 HB2   11
  72 177.152 0.000 C     12
  73   8.032 0.000 H     12
  74  56.587 0.000 CA    12
  75   1.763 0.000 HB2   12
  76   1.321 0.000 HG2   12
  77   1.475 0.000 HG3   12
  78  42.124 0.000 CE    12
  79 121.969 0.000 N     12
  80  28.932 0.000 CD    12
  81   2.967 0.000 QE    12
  82   1.868 0.000 HB3   12
  83  33.065 0.000 CB    12
  84  24.592 0.000 CG    12
  85   4.277 0.000 HA    12
  86   1.657 0.000 QD    12
  87 174.108 0.000 C     13
  88   8.561 0.000 H     13
  89  45.504 0.000 CA    13
  90 111.340 0.000 N     13
  91   4.152 0.000 HA2   13
  92   3.920 0.000 HA3   13
  93  21.397 0.000 CG2   14
  94 173.352 0.000 C     14
  95  72.927 0.000 CB    14
  96  60.207 0.000 CA    14
  97   1.066 0.000 QG2   14
  98 110.411 0.000 N     14
  99   7.958 0.000 H     14
 100   4.069 0.000 HB    14
 101   5.141 0.000 HA    14
 102 172.298 0.000 C     15
 103  35.569 0.000 CB    15
 104  54.259 0.000 CA    15
 105   2.152 0.000 HG2   15
 106   2.284 0.000 HG3   15
 107 118.880 0.000 N     15
 108   1.926 0.000 QB    15
 109   9.396 0.000 H     15
 110  30.946 0.000 CG    15
 111   4.822 0.000 HA    15
 112 174.824 0.000 C     16
 113  32.763 0.000 CB    16
 114  55.438 0.000 CA    16
 115  38.315 0.000 CG    16
 116 122.660 0.000 N     16
 117   2.186 0.000 HB3   16
 118   2.194 0.000 QG    16
 119   9.262 0.000 H     16
 120   5.267 0.000 HA    16
 121   1.854 0.000 HB2   16
 122 175.443 0.000 C     17
 123  46.528 0.000 CB    17
 124  52.694 0.000 CA    17
 125  27.404 0.000 CG    17
 126   9.117 0.000 H     17
 127 125.621 0.000 N     17
 128   0.967 0.000 QD2   17
 129  28.898 0.000 CD1   17
 130  24.975 0.000 CD2   17
 131   0.901 0.000 QD1   17
 132   5.131 0.000 HA    17
 133   1.693 0.000 HG    17
 134   1.398 0.000 HB3   17
 135   1.671 0.000 HB2   17
 136 173.963 0.000 C     18
 137  31.540 0.000 CB    18
 138  54.493 0.000 CA    18
 139  36.055 0.000 CG    18
 140 122.710 0.000 N     18
 141   1.589 0.000 QG    18
 142   8.455 0.000 H     18
 143   4.465 0.000 HA    18
 144   1.901 0.000 HB3   18
 145   1.774 0.000 HB2   18
 146 174.873 0.000 C     19
 147  42.752 0.000 CB    19
 148  52.495 0.000 CA    19
 149   0.080 0.000 QD1   19
 150  27.353 0.000 CG    19
 151  25.542 0.000 CD1   19
 152 128.586 0.000 N     19
 153   0.423 0.000 QD2   19
 154   0.667 0.000 HB3   19
 155  24.350 0.000 CD2   19
 156   9.015 0.000 H     19
 157   5.004 0.000 HA    19
 158   1.249 0.000 HG    19
 159   1.530 0.000 HB2   19
 160   1.239 0.000 HG2   20
 161 174.116 0.000 C     20
 162  33.078 0.000 CB    20
 163  53.950 0.000 CA    20
 164  27.378 0.000 CG    20
 165 115.993 0.000 NE    20
 166  43.906 0.000 CD    20
 167 181.373 0.000 CZ    20
 168 120.542 0.000 N     20
 169   2.984 0.000 QD    20
 170   8.567 0.000 H     20
 171   1.390 0.000 HG3   20
 172   4.927 0.000 HA    20
 173   1.668 0.000 HB3   20
 174   1.572 0.000 HB2   20
 175 175.176 0.000 C     21
 176   8.111 0.000 H     21
 177  57.183 0.000 CA    21
 178 118.164 0.000 N     21
 179  42.435 0.000 CB    21
 180   4.935 0.000 HA    21
 181   2.576 0.000 HB3   21
 182   2.478 0.000 HB2   21
 183   6.810 0.000 H     22
 184  57.174 0.000 CA    22
 185  43.620 0.000 CB    22
 186 117.413 0.000 N     22
 187  17.746 0.000 CB    23
 188   1.571 0.000 QB    23
 189 178.338 0.000 C     23
 190  22.340 0.000 CG2   24
 191 176.821 0.000 C     24
 192   7.510 0.000 H     24
 193  65.336 0.000 CA    24
 194   1.320 0.000 QG2   24
 195 115.231 0.000 N     24
 196  68.802 0.000 CB    24
 197   4.066 0.000 HB    24
 198   4.051 0.000 HA    24
 199 177.365 0.000 C     25
 200  36.773 0.000 CB    25
 201  56.404 0.000 CA    25
 202 116.902 0.000 N     25
 203   7.472 0.000 H     25
 204   4.693 0.000 HA    25
 205   3.273 0.000 HB3   25
 206   3.532 0.000 HB2   25
 207   3.642 0.000 HA    26
 208 178.109 0.000 C     26
 209   7.068 0.000 H     26
 210  58.703 0.000 CA    26
 211   1.284 0.000 HG2   26
 212   1.391 0.000 HG3   26
 213 121.448 0.000 N     26
 214   3.021 0.000 QD    26
 215  29.341 0.000 CB    26
 216  25.794 0.000 CG    26
 217  43.752 0.000 CD    26
 218   1.926 0.000 HB3   26
 219   1.301 0.000 HB2   26
 220 178.358 0.000 C     27
 221  29.235 0.000 CB    27
 222  58.757 0.000 CA    27
 223   2.186 0.000 HG2   27
 224   2.284 0.000 HG3   27
 225 118.245 0.000 N     27
 226   2.196 0.000 HB3   27
 227   7.335 0.000 H     27
 228  36.323 0.000 CG    27
 229   3.913 0.000 HA    27
 230   2.103 0.000 HB2   27
 231  21.505 0.000 CG2   28
 232 177.256 0.000 C     28
 233  32.198 0.000 CB    28
 234  65.461 0.000 CA    28
 235   0.741 0.000 QG2   28
 236   1.088 0.000 QG1   28
 237 116.918 0.000 N     28
 238  21.505 0.000 CG1   28
 239   7.312 0.000 H     28
 240   1.954 0.000 HB    28
 241   3.675 0.000 HA    28
 242   3.240 0.000 HA    29
 243 177.073 0.000 C     29
 244  32.122 0.000 CB    29
 245  64.405 0.000 CA    29
 246  -0.707 0.000 QG2   29
 247   0.087 0.000 QG1   29
 248 117.039 0.000 N     29
 249   1.210 0.000 HB    29
 250   7.213 0.000 H     29
 251  20.041 0.000 CG1   29
 252  20.041 0.000 CG2   29
 253 173.448 0.000 C     30
 254   8.072 0.000 H     30
 255  45.031 0.000 CA    30
 256 107.100 0.000 N     30
 257   4.230 0.000 HA2   30
 258   3.604 0.000 HA3   30
 259   4.541 0.000 HA    31
 260 173.432 0.000 C     31
 261   7.070 0.000 H     31
 262  53.861 0.000 CA    31
 263  32.987 0.000 CG    31
 264 114.227 0.000 N     31
 265   2.310 0.000 HB3   31
 266   2.200 0.000 QG    31
 267  33.018 0.000 CB    31
 268   7.687 0.000 HE22  31
 269   6.970 0.000 HE21  31
 270 180.450 0.000 CD    31
 271 112.336 0.000 NE2   31
 272   1.594 0.000 HB2   31
 273 175.889 0.000 C     32
 274  32.940 0.000 CB    32
 275  58.898 0.000 CA    32
 276  24.629 0.000 CG    32
 277  41.915 0.000 CE    32
 278  29.690 0.000 CD    32
 279 117.753 0.000 N     32
 280   1.673 0.000 QB    32
 281   2.852 0.000 QE    32
 282   8.421 0.000 H     32
 283   3.966 0.000 HA    32
 284 173.292 0.000 C     33
 285  65.278 0.000 CB    33
 286  56.687 0.000 CA    33
 287 111.420 0.000 N     33
 288   3.495 0.000 QB    33
 289   7.573 0.000 H     33
 290   5.665 0.000 HA    33
 291  17.471 0.000 CG2   34
 292 173.384 0.000 C     34
 293   8.890 0.000 H     34
 294  59.636 0.000 CA    34
 295   0.764 0.000 QD1   34
 296   0.879 0.000 QG2   34
 297 119.422 0.000 N     34
 298  26.574 0.000 CG1   34
 299   1.091 0.000 HG12  34
 300   1.236 0.000 HG13  34
 301  13.200 0.000 CD1   34
 302  42.055 0.000 CB    34
 303   1.901 0.000 HB    34
 304   4.541 0.000 HA    34
 305 175.925 0.000 C     35
 306  39.683 0.000 CB    35
 307  57.354 0.000 CA    35
 308 121.545 0.000 N     35
 309   2.936 0.000 HB3   35
 310   8.593 0.000 H     35
 311   5.537 0.000 HA    35
 312   2.837 0.000 HB2   35
 313 174.806 0.000 C     36
 314  35.200 0.000 CB    36
 315  54.476 0.000 CA    36
 316 125.684 0.000 N     36
 317   9.202 0.000 H     36
 318   5.246 0.000 HA    36
 319   2.905 0.000 HB3   36
 320   3.143 0.000 HB2   36
 321 175.937 0.000 C     37
 322   3.101 0.000 HD2   37
 323  30.896 0.000 CB    37
 324  55.231 0.000 CA    37
 325   1.382 0.000 HG2   37
 326   1.623 0.000 HG3   37
 327  43.015 0.000 CD    37
 328 181.450 0.000 CZ    37
 329 123.823 0.000 N     37
 330   8.401 0.000 H     37
 331  27.650 0.000 CG    37
 332   3.187 0.000 HD3   37
 333   5.419 0.000 HA    37
 334 114.099 0.000 NE    37
 335   1.707 0.000 HB3   37
 336   1.631 0.000 HB2   37
 337  19.794 0.000 CG2   38
 338 174.410 0.000 C     38
 339  36.164 0.000 CB    38
 340  58.441 0.000 CA    38
 341   0.827 0.000 QG2   38
 342   0.968 0.000 QG1   38
 343 118.279 0.000 N     38
 344  22.511 0.000 CG1   38
 345   8.806 0.000 H     38
 346   2.344 0.000 HB    38
 347   4.728 0.000 HA    38
 348 176.905 0.000 C     39
 349  41.941 0.000 CB    39
 350  55.315 0.000 CA    39
 351 121.298 0.000 N     39
 352   8.365 0.000 H     39
 353   4.709 0.000 HA    39
 354   2.617 0.000 HB3   39
 355   2.836 0.000 HB2   39
 356 175.276 0.000 C     40
 357   8.073 0.000 H     40
 358  55.456 0.000 CA    40
 359 118.503 0.000 N     40
 360  40.049 0.000 CB    40
 361   4.377 0.000 HA    40
 362   2.123 0.000 HB3   40
 363   2.967 0.000 HB2   40
 364 176.915 0.000 C     41
 365  40.041 0.000 CB    41
 366  52.411 0.000 CA    41
 367 116.060 0.000 N     41
 368   7.964 0.000 H     41
 369   4.752 0.000 HA    41
 370   2.609 0.000 HB3   41
 371   2.946 0.000 HB2   41
 372 177.381 0.000 C     42
 373  19.496 0.000 CB    42
 374  53.547 0.000 CA    42
 375 124.062 0.000 N     42
 376   1.459 0.000 QB    42
 377   7.767 0.000 H     42
 378   4.431 0.000 HA    42
 379  22.031 0.000 CG2   43
 380 177.066 0.000 C     43
 381  73.404 0.000 CB    43
 382  59.219 0.000 CA    43
 383   1.198 0.000 QG2   43
 384 110.407 0.000 N     43
 385   8.719 0.000 H     43
 386   4.508 0.000 HB    43
 387   4.941 0.000 HA    43
 388   3.445 0.000 HA    44
 389 177.186 0.000 C     44
 390   8.801 0.000 H     44
 391  67.617 0.000 CA    44
 392   1.014 0.000 QG2   44
 393   0.897 0.000 QG1   44
 394 119.276 0.000 N     44
 395  21.566 0.000 CG1   44
 396  32.289 0.000 CB    44
 397   2.028 0.000 HB    44
 398  24.479 0.000 CG2   44
 399 175.431 0.000 C     45
 400   9.294 0.000 H     45
 401  48.774 0.000 CA    45
 402 107.447 0.000 N     45
 403   3.804 0.000 HA2   45
 404   3.906 0.000 HA3   45
 405 179.301 0.000 C     46
 406  41.178 0.000 CB    46
 407  57.736 0.000 CA    46
 408 120.440 0.000 N     46
 409   7.480 0.000 H     46
 410   4.411 0.000 HA    46
 411   2.875 0.000 HB3   46
 412   3.103 0.000 HB2   46
 413  23.341 0.000 CG2   47
 414 178.074 0.000 C     47
 415  31.577 0.000 CB    47
 416  66.781 0.000 CA    47
 417   0.994 0.000 QG2   47
 418   0.802 0.000 QG1   47
 419 121.425 0.000 N     47
 420  21.436 0.000 CG1   47
 421   7.959 0.000 H     47
 422   2.312 0.000 HB    47
 423   3.784 0.000 HA    47
 424 178.881 0.000 C     48
 425  40.939 0.000 CB    48
 426  58.500 0.000 CA    48
 427   0.758 0.000 QD1   48
 428  26.475 0.000 CG    48
 429  21.531 0.000 CD1   48
 430 118.811 0.000 N     48
 431   0.868 0.000 QD2   48
 432  26.593 0.000 CD2   48
 433   8.648 0.000 H     48
 434   4.004 0.000 HA    48
 435   2.088 0.000 HG    48
 436   1.919 0.000 HB3   48
 437   1.295 0.000 HB2   48
 438   1.566 0.000 HG2   49
 439   3.872 0.000 HA    49
 440   3.097 0.000 HD3   49
 441   3.344 0.000 HD2   49
 442  30.776 0.000 CB    49
 443  60.393 0.000 CA    49
 444  29.303 0.000 CG    49
 445 115.255 0.000 NE    49
 446 118.549 0.000 N     49
 447 181.380 0.000 CZ    49
 448   1.807 0.000 HG3   49
 449   2.053 0.000 HB3   49
 450   8.346 0.000 H     49
 451 180.283 0.000 C     49
 452  43.326 0.000 CD    49
 453   1.881 0.000 HB2   49
 454 177.006 0.000 C     50
 455   8.335 0.000 H     50
 456  62.434 0.000 CA    50
 457 117.334 0.000 N     50
 458  62.879 0.000 CB    50
 459   4.402 0.000 HA    50
 460   4.401 0.000 HB3   50
 461   4.152 0.000 HB2   50
 462 178.640 0.000 C     51
 463   8.632 0.000 H     51
 464  58.540 0.000 CA    51
 465   0.518 0.000 QD1   51
 466  26.301 0.000 CG    51
 467 124.417 0.000 N     51
 468  23.088 0.000 CD1   51
 469  25.873 0.000 CD2   51
 470  42.644 0.000 CB    51
 471   0.693 0.000 QD2   51
 472   4.241 0.000 HA    51
 473   1.719 0.000 HG    51
 474   2.146 0.000 HB3   51
 475   1.173 0.000 HB2   51
 476 176.954 0.000 C     52
 477  29.804 0.000 CB    52
 478  61.170 0.000 CA    52
 479  37.969 0.000 CG    52
 480   2.814 0.000 HG3   52
 481 116.162 0.000 N     52
 482   2.216 0.000 HB3   52
 483   7.787 0.000 H     52
 484   3.730 0.000 HA    52
 485   2.201 0.000 HG2   52
 486   2.125 0.000 HB2   52
 487 178.920 0.000 C     53
 488  18.969 0.000 CB    53
 489  53.581 0.000 CA    53
 490 117.187 0.000 N     53
 491   1.530 0.000 QB    53
 492   7.426 0.000 H     53
 493   4.223 0.000 HA    53
 494 176.382 0.000 C     54
 495   7.923 0.000 H     54
 496  57.459 0.000 CA    54
 497   1.798 0.000 HG2   54
 498   2.107 0.000 HG3   54
 499 117.505 0.000 N     54
 500  31.003 0.000 CB    54
 501  35.415 0.000 CG    54
 502   4.136 0.000 HA    54
 503   2.099 0.000 HB3   54
 504   1.850 0.000 HB2   54
 505 175.450 0.000 C     55
 506  38.493 0.000 CB    55
 507  56.511 0.000 CA    55
 508 116.724 0.000 N     55
 509   7.860 0.000 H     55
 510   4.645 0.000 HA    55
 511   2.536 0.000 HB3   55
 512   2.780 0.000 HB2   55
 513 179.253 0.000 C     56
 514  40.235 0.000 CB    56
 515  57.423 0.000 CA    56
 516 126.319 0.000 N     56
 517   2.690 0.000 QB    56
 518   8.782 0.000 H     56
 519   4.419 0.000 HA    56
 520 174.007 0.000 C     57
 521   9.091 0.000 H     57
 522  46.229 0.000 CA    57
 523 104.591 0.000 N     57
 524   4.135 0.000 HA2   57
 525   3.657 0.000 HA3   57
 526   0.184 0.000 QQD   58
 527 176.460 0.000 C     58
 528  41.721 0.000 CB    58
 529  53.888 0.000 CA    58
 530  26.206 0.000 CG    58
 531 115.655 0.000 N     58
 532  22.131 0.000 CD1   58
 533  22.131 0.000 CD2   58
 534   8.004 0.000 H     58
 535   4.307 0.000 HA    58
 536   0.415 0.000 HG    58
 537   1.913 0.000 HB3   58
 538   1.232 0.000 HB2   58
 539 179.037 0.000 C     59
 540  18.043 0.000 CB    59
 541  54.540 0.000 CA    59
 542 124.244 0.000 N     59
 543   1.595 0.000 QB    59
 544   7.355 0.000 H     59
 545   3.942 0.000 HA    59
 546   4.192 0.000 QA    60
 547   8.421 0.000 H     60
 548  46.042 0.000 CA    60
 549 174.458 0.000 C     60
 550 111.736 0.000 N     60
 551   4.476 0.000 HA    61
 552 175.405 0.000 C     61
 553  31.644 0.000 CB    61
 554  56.078 0.000 CA    61
 555  27.503 0.000 CG    61
 556   1.716 0.000 HG3   61
 557  43.456 0.000 CD    61
 558 116.122 0.000 N     61
 559   3.292 0.000 QD    61
 560   8.238 0.000 H     61
 561   1.542 0.000 HG2   61
 562   2.146 0.000 HB3   61
 563   1.723 0.000 HB2   61
 564 176.502 0.000 C     62
 565  43.313 0.000 CB    62
 566  56.084 0.000 CA    62
 567  26.508 0.000 CG    62
 568   8.993 0.000 H     62
 569 117.010 0.000 N     62
 570   0.928 0.000 QD2   62
 571  24.368 0.000 CD1   62
 572  27.486 0.000 CD2   62
 573   0.421 0.000 QD1   62
 574   4.706 0.000 HA    62
 575   1.698 0.000 HG    62
 576   2.294 0.000 HB3   62
 577   1.306 0.000 HB2   62
 578  17.223 0.000 CG2   63
 579 176.085 0.000 C     63
 580  41.630 0.000 CB    63
 581  59.257 0.000 CA    63
 582   0.714 0.000 QD1   63
 583   0.775 0.000 QG2   63
 584   1.310 0.000 QG1   63
 585 118.519 0.000 N     63
 586  27.212 0.000 CG1   63
 587  14.405 0.000 CD1   63
 588   8.238 0.000 H     63
 589   1.553 0.000 HB    63
 590   4.707 0.000 HA    63
 591   4.505 0.000 HA    64
 592 175.123 0.000 C     64
 593  34.030 0.000 CB    64
 594  56.044 0.000 CA    64
 595  36.190 0.000 CG    64
 596   2.223 0.000 HG3   64
 597 127.168 0.000 N     64
 598   9.234 0.000 H     64
 599   2.037 0.000 HG2   64
 600   1.943 0.000 HB3   64
 601   1.856 0.000 HB2   64
 602 176.000 0.000 C     65
 603   9.560 0.000 H     65
 604  55.789 0.000 CA    65
 605 129.407 0.000 N     65
 606  39.611 0.000 CB    65
 607   4.284 0.000 HA    65
 608   2.568 0.000 HB3   65
 609   2.982 0.000 HB2   65
 610 172.378 0.000 C     66
 611   8.278 0.000 H     66
 612  45.868 0.000 CA    66
 613 102.940 0.000 N     66
 614   4.064 0.000 HA2   66
 615   3.473 0.000 HA3   66
 616 174.635 0.000 C     67
 617  33.459 0.000 CB    67
 618  53.551 0.000 CA    67
 619   2.252 0.000 HG2   67
 620   2.430 0.000 HG3   67
 621 119.823 0.000 N     67
 622   7.565 0.000 H     67
 623  35.603 0.000 CG    67
 624   4.800 0.000 HA    67
 625   2.205 0.000 HB3   67
 626   1.736 0.000 HB2   67
 627  21.907 0.000 CG2   68
 628 177.177 0.000 C     68
 629  31.383 0.000 CB    68
 630  64.501 0.000 CA    68
 631   1.075 0.000 QG2   68
 632   0.875 0.000 QG1   68
 633 122.961 0.000 N     68
 634  21.907 0.000 CG1   68
 635   8.852 0.000 H     68
 636   1.836 0.000 HB    68
 637   3.834 0.000 HA    68
 638   8.531 0.000 H     69
 639  55.243 0.000 CA    69
 640  33.391 0.000 CB    69
 641 101.348 0.000 N     69
 642   4.065 0.000 HA    70
 643 176.646 0.000 C     70
 644   3.505 0.000 HD2   70
 645  31.709 0.000 CB    70
 646  64.681 0.000 CA    70
 647  27.913 0.000 CG    70
 648   2.089 0.000 HG3   70
 649  51.070 0.000 CD    70
 650   3.989 0.000 HD3   70
 651   1.922 0.000 HG2   70
 652   1.951 0.000 HB3   70
 653   1.587 0.000 HB2   70
 654 174.357 0.000 C     71
 655  27.915 0.000 CB    71
 656  58.321 0.000 CA    71
 657 113.980 0.000 N     71
 658   8.309 0.000 H     71
 659   4.141 0.000 HA    71
 660   3.350 0.000 HB3   71
 661   3.688 0.000 HB2   71
 662  23.925 0.000 CG2   72
 663 175.361 0.000 C     72
 664   7.853 0.000 H     72
 665  63.283 0.000 CA    72
 666   1.305 0.000 QG2   72
 667   1.141 0.000 QG1   72
 668 122.298 0.000 N     72
 669  21.056 0.000 CG1   72
 670  31.912 0.000 CB    72
 671   2.468 0.000 HB    72
 672   4.141 0.000 HA    72
 673   5.197 0.000 HA    73
 674   6.945 0.000 HD22  73
 675   6.674 0.000 HD21  73
 676  40.759 0.000 CB    73
 677  52.023 0.000 CA    73
 678 175.635 0.000 CG    73
 679 126.324 0.000 N     73
 680   2.506 0.000 QB    73
 681   8.479 0.000 H     73
 682 173.597 0.000 C     73
 683 110.148 0.000 ND2   73
 684  21.578 0.000 CG2   74
 685 174.890 0.000 C     74
 686  33.619 0.000 CB    74
 687  60.746 0.000 CA    74
 688   0.832 0.000 QG2   74
 689   1.034 0.000 QG1   74
 690 124.320 0.000 N     74
 691  22.273 0.000 CG1   74
 692   8.141 0.000 H     74
 693   1.995 0.000 HB    74
 694   5.257 0.000 HA    74
 695 175.881 0.000 C     75
 696  44.486 0.000 CB    75
 697  52.899 0.000 CA    75
 698  27.892 0.000 CG    75
 699   9.334 0.000 H     75
 700 126.126 0.000 N     75
 701   0.848 0.000 QD2   75
 702  23.992 0.000 CD1   75
 703  25.726 0.000 CD2   75
 704   0.677 0.000 QD1   75
 705   5.248 0.000 HA    75
 706   1.518 0.000 HG    75
 707   1.796 0.000 HB3   75
 708   1.096 0.000 HB2   75
 709 176.139 0.000 C     76
 710   1.532 0.000 HD2   76
 711   3.203 0.000 HE2   76
 712   2.826 0.000 HE3   76
 713  34.786 0.000 CB    76
 714  54.710 0.000 CA    76
 715   0.954 0.000 HG2   76
 716   1.169 0.000 HG3   76
 717  42.394 0.000 CE    76
 718 121.155 0.000 N     76
 719  30.422 0.000 CD    76
 720   1.727 0.000 HB3   76
 721   9.147 0.000 H     76
 722  26.070 0.000 CG    76
 723   1.740 0.000 HD3   76
 724   4.879 0.000 HA    76
 725   1.297 0.000 HB2   76
 726   4.492 0.000 HA    77
 727 175.508 0.000 C     77
 728   7.518 0.000 HD21  77
 729  37.218 0.000 CB    77
 730  54.602 0.000 CA    77
 731 177.315 0.000 CG    77
 732 128.739 0.000 N     77
 733   3.022 0.000 QB    77
 734   9.871 0.000 H     77
 735   7.717 0.000 HD22  77
 736 115.301 0.000 ND2   77
 737 173.115 0.000 C     78
 738   8.075 0.000 H     78
 739  45.790 0.000 CA    78
 740 101.418 0.000 N     78
 741   4.253 0.000 HA2   78
 742   3.597 0.000 HA3   78
 743 175.330 0.000 C     79
 744   3.245 0.000 HD2   79
 745   7.973 0.000 H     79
 746  54.237 0.000 CA    79
 747   1.705 0.000 HG2   79
 748   1.808 0.000 HG3   79
 749 121.769 0.000 N     79
 750  43.240 0.000 CD    79
 751  32.172 0.000 CB    79
 752  26.823 0.000 CG    79
 753   3.351 0.000 HD3   79
 754   4.705 0.000 HA    79
 755   2.011 0.000 HB3   79
 756   1.866 0.000 HB2   79
 757 179.314 0.000 C     80
 758  30.013 0.000 CB    80
 759  58.025 0.000 CA    80
 760  36.856 0.000 CG    80
 761 127.224 0.000 N     80
 762   2.403 0.000 QG    80
 763   9.532 0.000 H     80
 764   4.417 0.000 HA    80
 765   2.004 0.000 HB3   80
 766   2.162 0.000 HB2   80
 767   4.087 0.000 HA    81
 768 179.008 0.000 C     81
 769  31.019 0.000 CB    81
 770  65.107 0.000 CA    81
 771   1.123 0.000 QG2   81
 772   1.002 0.000 QG1   81
 773 117.684 0.000 N     81
 774  18.816 0.000 CG1   81
 775   8.547 0.000 H     81
 776   2.484 0.000 HB    81
 777  22.562 0.000 CG2   81
 778  20.421 0.000 CG2   82
 779 176.097 0.000 C     82
 780  30.870 0.000 CB    82
 781  64.168 0.000 CA    82
 782   0.782 0.000 QG2   82
 783   0.593 0.000 QG1   82
 784 121.126 0.000 N     82
 785   2.111 0.000 HB    82
 786   7.979 0.000 H     82
 787  19.513 0.000 CG1   82
 788   4.014 0.000 HA    82
 789 175.033 0.000 C     83
 790  30.755 0.000 CB    83
 791  55.805 0.000 CA    83
 792 117.996 0.000 N     83
 793   7.367 0.000 H     83
 794   4.906 0.000 HA    83
 795   3.045 0.000 HB3   83
 796   3.479 0.000 HB2   83
 797   0.960 0.000 QQD   84
 798 175.108 0.000 C     84
 799  39.895 0.000 CB    84
 800  53.626 0.000 CA    84
 801  26.964 0.000 CG    84
 802 123.394 0.000 N     84
 803  22.514 0.000 CD1   84
 804  22.514 0.000 CD2   84
 805   7.498 0.000 H     84
 806   4.739 0.000 HA    84
 807   1.052 0.000 HG    84
 808   1.999 0.000 HB3   84
 809   1.762 0.000 HB2   84
 810 176.812 0.000 C     85
 811  42.656 0.000 CB    85
 812  53.146 0.000 CA    85
 813 120.872 0.000 N     85
 814   2.124 0.000 HB3   85
 815   7.800 0.000 H     85
 816   5.236 0.000 HA    85
 817   2.890 0.000 HB2   85
 818 178.006 0.000 C     86
 819   8.068 0.000 H     86
 820  46.715 0.000 CA    86
 821 107.740 0.000 N     86
 822   4.128 0.000 HA2   86
 823   3.393 0.000 HA3   86
 824 176.534 0.000 C     87
 825  33.067 0.000 CB    87
 826  57.201 0.000 CA    87
 827   3.046 0.000 HG2   87
 828   2.656 0.000 HG3   87
 829 126.980 0.000 N     87
 830   9.800 0.000 H     87
 831  32.127 0.000 CG    87
 832   3.971 0.000 HA    87
 833   2.003 0.000 HB3   87
 834   2.252 0.000 HB2   87
 835 176.205 0.000 C     88
 836   7.638 0.000 H     88
 837  51.865 0.000 CA    88
 838 118.809 0.000 N     88
 839   1.541 0.000 QB    88
 840  18.547 0.000 CB    88
 841   4.448 0.000 HA    88
 842  22.399 0.000 CG2   89
 843 172.781 0.000 C     89
 844  69.799 0.000 CB    89
 845  65.704 0.000 CA    89
 846   1.494 0.000 HG2   89
 847 116.142 0.000 N     89
 848   7.256 0.000 H     89
 849   3.924 0.000 HB    89
 850   3.924 0.000 HA    89
 851 176.223 0.000 C     90
 852   8.680 0.000 H     90
 853  52.306 0.000 CA    90
 854 100.585 0.000 N     90
 855   1.461 0.000 QB    90
 856  20.084 0.000 CB    90
 857   4.246 0.000 HA    90
 858 173.436 0.000 C     91
 859   7.955 0.000 H     91
 860  53.536 0.000 CA    91
 861   0.654 0.000 QD1   91
 862  26.773 0.000 CG    91
 863 120.277 0.000 N     91
 864   0.824 0.000 QD2   91
 865  26.773 0.000 CD1   91
 866  23.567 0.000 CD2   91
 867  46.726 0.000 CB    91
 868   4.645 0.000 HA    91
 869   1.518 0.000 HG    91
 870   1.610 0.000 HB3   91
 871   1.329 0.000 HB2   91
 872 174.624 0.000 C     92
 873  45.540 0.000 CB    92
 874  53.000 0.000 CA    92
 875 120.311 0.000 N     92
 876   8.969 0.000 H     92
 877   5.056 0.000 HA    92
 878   2.355 0.000 HB3   92
 879   2.616 0.000 HB2   92
 880 177.651 0.000 C     93
 881  42.354 0.000 CB    93
 882  56.552 0.000 CA    93
 883 116.841 0.000 N     93
 884   8.313 0.000 H     93
 885   4.330 0.000 HA    93
 886   2.636 0.000 HB3   93
 887   2.768 0.000 HB2   93
 888 174.889 0.000 C     94
 889   9.364 0.000 H     94
 890  45.200 0.000 CA    94
 891 115.499 0.000 N     94
 892   4.377 0.000 HA2   94
 893   3.813 0.000 HA3   94
 894 174.097 0.000 C     95
 895   8.236 0.000 H     95
 896  55.749 0.000 CA    95
 897 122.009 0.000 N     95
 898  42.293 0.000 CB    95
 899   4.850 0.000 HA    95
 900   2.273 0.000 HB3   95
 901   2.972 0.000 HB2   95
 902 177.896 0.000 C     96
 903  20.621 0.000 CB    96
 904  49.489 0.000 CA    96
 905 119.397 0.000 N     96
 906   1.239 0.000 QB    96
 907   8.408 0.000 H     96
 908   5.749 0.000 HA    96
 909  20.216 0.000 CG2   97
 910 174.990 0.000 C     97
 911  33.603 0.000 CB    97
 912  60.119 0.000 CA    97
 913   0.687 0.000 QG2   97
 914   0.822 0.000 QG1   97
 915 127.564 0.000 N     97
 916  21.977 0.000 CG1   97
 917   9.303 0.000 H     97
 918   1.922 0.000 HB    97
 919   5.198 0.000 HA    97
 920 173.179 0.000 C     98
 921  65.273 0.000 CB    98
 922  56.981 0.000 CA    98
 923 121.890 0.000 N     98
 924   8.901 0.000 H     98
 925   5.385 0.000 HA    98
 926   3.817 0.000 HB3   98
 927   3.755 0.000 HB2   98
 928  20.108 0.000 CG2   99
 929 173.947 0.000 C     99
 930   8.732 0.000 H     99
 931  61.837 0.000 CA    99
 932   0.622 0.000 QG2   99
 933   0.940 0.000 QG1   99
 934 122.377 0.000 N     99
 935  22.728 0.000 CG1   99
 936  33.412 0.000 CB    99
 937   2.096 0.000 HB    99
 938   4.844 0.000 HA    99
 939   9.195 0.000 H    100
 940  54.243 0.000 CA   100
 941  40.761 0.000 CB   100
 942 124.444 0.000 N    100
 943 177.386 0.000 C    102
 944   3.629 0.000 HD2  102
 945  32.118 0.000 CB   102
 946  62.686 0.000 CA   102
 947   1.925 0.000 HG2  102
 948   2.087 0.000 HG3  102
 949  50.388 0.000 CD   102
 950  27.838 0.000 CG   102
 951   3.439 0.000 HD3  102
 952   4.552 0.000 HA   102
 953   2.252 0.000 HB3  102
 954   1.783 0.000 HB2  102
 955   0.961 0.000 QQG  103
 956  20.837 0.000 CG2  103
 957 176.198 0.000 C    103
 958  32.608 0.000 CB   103
 959  62.720 0.000 CA   103
 960 122.112 0.000 N    103
 961  20.837 0.000 CG1  103
 962   8.356 0.000 H    103
 963   2.058 0.000 HB   103
 964   4.002 0.000 HA   103
 965 177.891 0.000 C    104
 966  19.330 0.000 CB   104
 967  52.463 0.000 CA   104
 968 127.263 0.000 N    104
 969   1.361 0.000 QB   104
 970   8.352 0.000 H    104
 971   4.336 0.000 HA   104
 972   3.930 0.000 QA   105
 973   8.287 0.000 H    105
 974  45.267 0.000 CA   105
 975 173.693 0.000 C    105
 976 109.103 0.000 N    105
 977   7.907 0.000 H    106
 978  46.031 0.000 CA   106
 979 115.057 0.000 N    106
